Camera matrix : 

[[682.36092445   0.         318.96729583]
 [  0.         682.62230185 227.76526052]
 [  0.           0.           1.        ]]
dist : 

[[ 0.04020414  0.0280856  -0.00412168 -0.00138383 -0.4093282 ]]
rvecs : 

(array([[-0.13894867],
       [ 0.0943391 ],
       [ 1.47817102]]), array([[-0.06889565],
       [ 0.16969314],
       [ 1.09914786]]), array([[-0.08531595],
       [-0.07943292],
       [ 1.4225578 ]]), array([[-0.0961651 ],
       [ 0.15731658],
       [ 0.31969351]]), array([[0.10509633],
       [0.14145644],
       [1.4714881 ]]), array([[-0.21779235],
       [ 0.15330286],
       [ 0.692191  ]]), array([[0.12104533],
       [0.25117651],
       [1.45253209]]), array([[0.02387395],
       [0.1280923 ],
       [1.20912841]]), array([[-1.05408800e-03],
       [ 1.18565639e-01],
       [ 1.54465379e+00]]), array([[ 0.01737491],
       [-0.10674598],
       [ 0.03606523]]), array([[ 0.18902419],
       [-0.23795792],
       [ 1.41093726]]), array([[0.05925916],
       [0.07020099],
       [1.46202533]]), array([[-0.18914476],
       [ 0.07403344],
       [ 0.31438339]]), array([[-0.21116024],
       [ 0.12799296],
       [ 1.1153703 ]]), array([[-0.03787949],
       [-0.08684335],
       [ 0.09901264]]))
tvecs : 

(array([[ 5.77842097],
       [-3.66915972],
       [25.48615285]]), array([[ 5.16509654],
       [-6.61195037],
       [25.65929819]]), array([[ 1.44664204],
       [-3.90981172],
       [33.96418256]]), array([[-0.32121426],
       [-5.96674897],
       [25.89342048]]), array([[ 7.074442  ],
       [-3.31968135],
       [21.30111898]]), array([[-1.34126604],
       [-6.82327861],
       [27.34350189]]), array([[ 8.24910522],
       [-3.14527779],
       [24.8168769 ]]), array([[ 0.94359429],
       [-2.75206224],
       [31.12046393]]), array([[ 7.27173858],
       [-3.12355141],
       [23.55124461]]), array([[-1.72305971],
       [-4.4977596 ],
       [19.60413512]]), array([[ 3.30545986],
       [-7.6663271 ],
       [28.85925937]]), array([[ 4.49557398],
       [-5.65366304],
       [18.9358384 ]]), array([[-3.30459352],
       [-5.64004963],
       [25.82384159]]), array([[ 2.53717223],
       [-5.23841566],
       [24.09731558]]), array([[-0.99242824],
       [-3.6716092 ],
       [21.20896543]]))
newcameramtx : 
 [[678.47485352   0.         317.6112333 ]
 [  0.         679.96942139 225.27147156]
 [  0.           0.           1.        ]]
roi : 
 (3, 1, 632, 475)